# oST version 5.0 parameters


[image]

width
320

height
240

[arducam_8mp:_usb_camera]

camera matrix
257.741562 0.000000 155.321298
0.000000 257.568341 125.460201
0.000000 0.000000 1.000000

distortion
0.142780 -0.260294 0.008702 -0.007410 0.000000

rectification
1.000000 0.000000 0.000000
0.000000 1.000000 0.000000
0.000000 0.000000 1.000000

projection
261.293579 0.000000 152.339266 0.000000
0.000000 262.414032 126.639855 0.000000
0.000000 0.000000 1.000000 0.000000

